<OpenMD version=2>
  <MetaData>
     molecule{
       name = "D";
       
       atom[0]{
         type = "D";
         position(0.0, 0.0, 0.0);
         orientation(0.0, 0.0, 0.0);
       }
     }
     component{
       type = "D";
       nMol = 3456;
     }
     ensemble = NVE;
     forceField = "Multipole";
     cutoffMethod = "shifted_force";
     electrostaticScreeningMethod = "damped";
     cutoffRadius = 12.0;
     dampingAlpha = 0.14;
     statFileFormat = "TIME|TOTAL_ENERGY|POTENTIAL_ENERGY|KINETIC_ENERGY|TEMPERATURE|PRESSURE|VOLUME|CONSERVED_QUANTITY|ELECTROSTATIC_POTENTIAL";
     dt = 1.0;
     runTime = 1e3;
     sampleTime = 10.0;
     statusTime = 1.0;
## Last run using OpenMD Version: 2.1 Revision: 1965
  </MetaData>
  <Snapshot>
    <FrameData>
        Time: 0
        Hmat: {{ 48, 0, 0 }, { 0, 48, 0 }, { 0, 0, 48 }}
  Thermostat: 0 , 0
    Barostat: {{ 0, 0, 0 }, { 0, 0, 0 }, { 0, 0, 0 }}
    </FrameData>
    <StuntDoubles>
         0    pvqj                  0                  0                  0  2.470321e-04 -1.047654e-03  4.358207e-04  3.398511e-01  1.759199e-01  4.247082e-01  8.204732e-01  4.184161e-02 -3.090074e-02  0.000000e+00
         1    pvqj                  0                  0                  4  7.222539e-04  1.283303e-03 -9.580902e-04  1.759199e-01  3.398511e-01 -8.204732e-01 -4.247082e-01  2.109352e-02 -4.396750e-02  0.000000e+00
         2    pvqj                  0                  4                  0  1.902041e-04 -8.046229e-04  4.157521e-04  4.247082e-01  8.204732e-01  3.398511e-01  1.759199e-01 -3.140548e-02  4.509595e-03  0.000000e+00
         3    pvqj                  0                  4                  4 -3.163176e-04 -1.005815e-03 -1.081196e-03  8.204732e-01  4.247082e-01 -1.759199e-01 -3.398511e-01  7.780751e-03  2.241408e-03  0.000000e+00
         4    pvqj                  4                  0                  0  8.161537e-04 -1.221218e-03 -1.240729e-03  8.204732e-01  4.247082e-01 -1.759199e-01 -3.398511e-01 -7.363456e-03  1.804274e-02  0.000000e+00
         5    pvqj                  4                  0                  4  4.092793e-05  1.569005e-04  1.213941e-04  4.247082e-01  8.204732e-01  3.398511e-01  1.759199e-01 -6.104335e-02  7.755440e-02  0.000000e+00
         6    pvqj                  4                  4                  0 -8.002784e-04  7.802879e-04 -1.082001e-03  1.759199e-01  3.398511e-01 -8.204732e-01 -4.247082e-01 -3.679220e-02 -6.235020e-02  0.000000e+00
         7    pvqj                  4                  4                  4 -1.198834e-03 -7.623103e-05  3.489484e-04  3.398511e-01  1.759199e-01  4.247082e-01  8.204732e-01 -2.454383e-03 -2.440634e-02  0.000000e+00
         8    pvqj                  2                  2                  2  6.192820e-04  1.683397e-03 -4.915627e-04  3.398511e-01  1.759199e-01  4.247082e-01  8.204732e-01  2.142173e-02  4.726109e-02  0.000000e+00
         9    pvqj                  2                  2                  6 -7.234328e-04  6.974993e-05 -1.258443e-03  4.247082e-01  8.204732e-01  3.398511e-01  1.759199e-01  3.189408e-02  4.131823e-02  0.000000e+00
        10    pvqj                  2                  6                  2  7.508922e-04 -8.017892e-04 -7.670288e-04  8.204732e-01  4.247082e-01 -1.759199e-01 -3.398511e-01  7.080317e-02  4.160993e-02  0.000000e+00
        11    pvqj                  2                  6                  6  7.651801e-04 -3.254080e-04  1.015602e-03  1.759199e-01  3.398511e-01 -8.204732e-01 -4.247082e-01  5.001682e-02  1.477493e-03  0.000000e+00
        12    pvqj                  6                  2                  2  2.003375e-03 -2.320366e-05 -5.399506e-04  1.759199e-01  3.398511e-01 -8.204732e-01 -4.247082e-01  5.298554e-04  1.472287e-02  0.000000e+00
        13    pvqj                  6                  2                  6 -1.158593e-03  1.828987e-04  1.144175e-03  8.204732e-01  4.247082e-01 -1.759199e-01 -3.398511e-01  6.304481e-02 -2.096777e-02  0.000000e+00
        14    pvqj                  6                  6                  2  1.593210e-03 -4.687238e-04 -5.143142e-04  4.247082e-01  8.204732e-01  3.398511e-01  1.759199e-01  2.416665e-02  7.129457e-03  0.000000e+00
        15    pvqj                  6                  6                  6  5.001797e-04  1.673082e-04  1.244469e-03  3.398511e-01  1.759199e-01  4.247082e-01  8.204732e-01  6.192239e-02 -7.073371e-04  0.000000e+00
        16    pvqj                  0                  0                  8 -1.067930e-04  1.221804e-03  6.664536e-04  3.398511e-01  1.759199e-01  4.247082e-01  8.204732e-01  3.175661e-02  6.713222e-04  0.000000e+00
        17    pvqj                  0                  0                 12 -1.176403e-03 -3.350890e-04  1.386695e-04  1.759199e-01  3.398511e-01 -8.204732e-01 -4.247082e-01  7.674746e-02 -1.558321e-02  0.000000e+00
        18    pvqj                  0                  4                  8  1.072196e-03  1.280982e-03  7.522545e-04  4.247082e-01  8.204732e-01  3.398511e-01  1.759199e-01  1.304287e-03 -3.294748e-02  0.000000e+00
        19    pvqj                  0                  4                 12  2.427508e-05  1.178065e-03  5.187422e-04  8.204732e-01  4.247082e-01 -1.759199e-01 -3.398511e-01  4.661120e-02  3.470679e-02  0.000000e+00
        20    pvqj                  4                  0                  8  1.506513e-03 -1.147132e-03 -5.164120e-04  8.204732e-01  4.247082e-01 -1.759199e-01 -3.398511e-01  1.518681e-02  2.229329e-02  0.000000e+00
        21    pvqj                  4                  0                 12  1.141035e-03  6.001823e-04 -9.675388e-04  4.247082e-01  8.204732e-01  3.398511e-01  1.759199e-01 -5.687970e-02  3.032222e-02  0.000000e+00
        22    pvqj                  4                  4                  8  2.848224e-04  6.813865e-04  1.343676e-03  1.759199e-01  3.398511e-01 -8.204732e-01 -4.247082e-01 -4.569464e-02  2.706111e-04  0.000000e+00
        23    pvqj                  4                  4                 12  1.708274e-03  9.809426e-04  6.098549e-04  3.398511e-01  1.759199e-01  4.247082e-01  8.204732e-01 -6.065089e-02 -1.510143e-02  0.000000e+00
        24    pvqj                  2                  2                 10  7.037371e-04 -1.896988e-03 -3.845094e-04  3.398511e-01  1.759199e-01  4.247082e-01  8.204732e-01  6.924224e-02  2.884683e-02  0.000000e+00
        25    pvqj                  2                  2                 14 -9.595658e-04 -5.390318e-05 -7.280708e-04  4.247082e-01  8.204732e-01  3.398511e-01  1.759199e-01  7.233828e-02 -2.926219e-02  0.000000e+00
        26    pvqj                  2                  6                 10  1.221508e-03  5.730813e-04 -1.194162e-04  8.204732e-01  4.247082e-01 -1.759199e-01 -3.398511e-01  2.830894e-02 -2.258327e-03  0.000000e+00
        27    pvqj                  2                  6                 14 -2.036337e-04  1.580932e-03  7.243283e-04  1.759199e-01  3.398511e-01 -8.204732e-01 -4.247082e-01  1.675621e-02 -5.666834e-03  0.000000e+00
        28    pvqj                  6                  2                 10 -3.705646e-04 -2.770618e-04  1.097603e-03  1.759199e-01  3.398511e-01 -8.204732e-01 -4.247082e-01  3.935860e-03  6.688059e-03  0.000000e+00
        29    pvqj                  6                  2                 14 -1.127460e-03 -1.174227e-03  1.764574e-04  8.204732e-01  4.247082e-01 -1.759199e-01 -3.398511e-01 -3.270875e-03 -3.100608e-02  0.000000e+00
        30    pvqj                  6                  6                 10  1.105794e-03 -5.040227e-04  1.255148e-03  4.247082e-01  8.204732e-01  3.398511e-01  1.759199e-01  3.100616e-02 -7.413846e-03  0.000000e+00
        31    pvqj                  6                  6                 14 -1.550036e-03  1.706825e-03  4.012802e-04  3.398511e-01  1.759199e-01  4.247082e-01  8.204732e-01 -5.154275e-02  4.257049e-02  0.000000e+00
        32    pvqj                  0                  0                 16 -2.886076e-04 -2.312564e-04 -7.163895e-04  3.398511e-01  1.759199e-01  4.247082e-01  8.204732e-01  1.667307e-02 -6.944586e-02  0.000000e+00
        33    pvqj                  0                  0                 20 -1.306922e-03 -1.356330e-04  4.810826e-04  1.759199e-01  3.398511e-01 -8.204732e-01 -4.247082e-01  5.348203e-02 -1.151136e-02  0.000000e+00
        34    pvqj                  0                  4                 16 -5.344144e-04 -3.558918e-04  2.210227e-05  4.247082e-01  8.204732e-01  3.398511e-01  1.759199e-01 -3.183028e-02  1.162094e-02  0.000000e+00
        35    pvqj                  0                  4                 20  9.784822e-04 -3.157598e-04  5.249463e-04  8.204732e-01  4.247082e-01 -1.759199e-01 -3.398511e-01 -3.936291e-02 -3.083305e-02  0.000000e+00
        36    pvqj                  4                  0                 16 -2.010124e-03 -4.274445e-04  3.183143e-04  8.204732e-01  4.247082e-01 -1.759199e-01 -3.398511e-01 -6.467980e-02 -3.928490e-02  0.000000e+00
        37    pvqj                  4                  0                 20  8.522476e-04  7.295790e-04  7.924314e-04  4.247082e-01  8.204732e-01  3.398511e-01  1.759199e-01  2.030322e-02  2.060585e-02  0.000000e+00
        38    pvqj                  4                  4                 16 -1.037011e-03 -1.884683e-03 -1.496457e-03  1.759199e-01  3.398511e-01 -8.204732e-01 -4.247082e-01  3.485498e-02 -6.584168e-02  0.000000e+00
        39    pvqj                  4                  4                 20 -2.159111e-04  8.802093e-04 -9.455149e-05  3.398511e-01  1.759199e-01  4.247082e-01  8.204732e-01 -2.538833e-02  2.277186e-02  0.000000e+00
        40    pvqj                  2                  2                 18 -3.207156e-04 -6.103863e-04 -3.967521e-04  3.398511e-01  1.759199e-01  4.247082e-01  8.204732e-01 -2.048256e-03 -4.295197e-03  0.000000e+00
        41    pvqj                  2                  2                 22  2.917026e-04 -7.527442e-05  8.711758e-04  4.247082e-01  8.204732e-01  3.398511e-01  1.759199e-01  2.290773e-02  9.239759e-02  0.000000e+00
        42    pvqj                  2                  6                 18  9.746905e-04 -1.855800e-03 -5.053183e-04  8.204732e-01  4.247082e-01 -1.759199e-01 -3.398511e-01  1.309922e-02 -2.120846e-02  0.000000e+00
        43    pvqj                  2                  6                 22 -4.191937e-04 -2.349055e-04  3.694544e-04  1.759199e-01  3.398511e-01 -8.204732e-01 -4.247082e-01  1.287387e-02  5.426271e-02  0.000000e+00
        44    pvqj                  6                  2                 18 -5.335926e-04 -1.020433e-04  1.873363e-04  1.759199e-01  3.398511e-01 -8.204732e-01 -4.247082e-01 -2.591614e-02 -3.501078e-02  0.000000e+00
        45    pvqj                  6                  2                 22 -2.671529e-03 -4.542524e-04 -3.059152e-04  8.204732e-01  4.247082e-01 -1.759199e-01 -3.398511e-01 -9.475528e-03  7.250262e-03  0.000000e+00
        46    pvqj                  6                  6                 18  4.365479e-04 -7.002738e-04 -1.412833e-04  4.247082e-01  8.204732e-01  3.398511e-01  1.759199e-01  3.432807e-02  6.814504e-02  0.000000e+00
        47    pvqj                  6                  6                 22 -8.195905e-04  2.342145e-03  1.122788e-03  3.398511e-01  1.759199e-01  4.247082e-01  8.204732e-01 -4.187730e-02  8.821096e-02  0.000000e+00
        48    pvqj                  0                  0                 24 -2.313303e-03 -8.375105e-05  1.300936e-04  3.398511e-01  1.759199e-01  4.247082e-01  8.204732e-01  3.383207e-02  1.114376e-02  0.000000e+00
        49    pvqj                  0                  0                 28  8.817262e-04 -6.555570e-04 -1.100238e-03  1.759199e-01  3.398511e-01 -8.204732e-01 -4.247082e-01  4.501478e-02  2.220730e-02  0.000000e+00
        50    pvqj                  0                  4                 24 -6.876741e-04 -6.258004e-04 -1.691319e-04  4.247082e-01  8.204732e-01  3.398511e-01  1.759199e-01  4.196833e-02  7.241614e-02  0.000000e+00
        51    pvqj                  0                  4                 28 -4.022223e-04 -1.893585e-03  1.789045e-04  8.204732e-01  4.247082e-01 -1.759199e-01 -3.398511e-01  2.959142e-02  3.086758e-02  0.000000e+00
        52    pvqj                  4                  0                 24  1.203344e-03  1.005452e-03 -2.105143e-04  8.204732e-01  4.247082e-01 -1.759199e-01 -3.398511e-01  2.476889e-02 -2.486969e-03  0.000000e+00
        53    pvqj                  4                  0                 28 -1.031077e-03 -6.607096e-04 -6.422295e-06  4.247082e-01  8.204732e-01  3.398511e-01  1.759199e-01  2.570002e-02  1.595846e-02  0.000000e+00
        54    pvqj                  4                  4                 24 -7.864205e-04 -5.141758e-05 -8.435357e-04  1.759199e-01  3.398511e-01 -8.204732e-01 -4.247082e-01 -1.188709e-02 -3.686990e-02  0.000000e+00
        55    pvqj                  4                  4                 28 -1.009579e-03 -1.310254e-04  1.459619e-03  3.398511e-01  1.759199e-01  4.247082e-01  8.204732e-01 -1.783599e-02 -4.947405e-02  0.000000e+00
        56    pvqj                  2                  2                 26  7.231482e-04  1.386343e-04 -5.033285e-04  3.398511e-01  1.759199e-01  4.247082e-01  8.204732e-01 -3.859453e-02  2.684045e-04  0.000000e+00
        57    pvqj                  2                  2                 30  2.343395e-04 -9.279052e-05 -1.057902e-04  4.247082e-01  8.204732e-01  3.398511e-01  1.759199e-01  1.796997e-02  6.080607e-02  0.000000e+00
        58    pvqj                  2                  6                 26 -6.531046e-05 -1.530487e-03  9.867323e-04  8.204732e-01  4.247082e-01 -1.759199e-01 -3.398511e-01  2.641287e-02 -8.940934e-03  0.000000e+00
        59    pvqj                  2                  6                 30 -4.759420e-04  5.249477e-04 -4.212605e-04  1.759199e-01  3.398511e-01 -8.204732e-01 -4.247082e-01  8.883370e-02 -5.317255e-02  0.000000e+00
        60    pvqj                  6                  2                 26 -1.456100e-06 -1.444019e-04  3.598254e-04  1.759199e-01  3.398511e-01 -8.204732e-01 -4.247082e-01 -4.503377e-02 -5.986404e-02  0.000000e+00
        61    pvqj                  6                  2                 30 -2.987833e-04  9.683593e-07 -9.383611e-04  8.204732e-01  4.247082e-01 -1.759199e-01 -3.398511e-01  3.721102e-02  4.200240e-02  0.000000e+00
        62    pvqj                  6                  6                 26 -1.155498e-03  1.123655e-03  7.560789e-04  4.247082e-01  8.204732e-01  3.398511e-01  1.759199e-01  3.915703e-02  7.691582e-02  0.000000e+00
        63    pvqj                  6                  6                 30 -7.850728e-04  4.790553e-04  1.744365e-03  3.398511e-01  1.759199e-01  4.247082e-01  8.204732e-01  6.636503e-02  4.477493e-02  0.000000e+00
        64    pvqj                  0                  0                 32  2.205336e-03  5.964752e-04  2.510980e-04  3.398511e-01  1.759199e-01  4.247082e-01  8.204732e-01 -7.927523e-03 -6.653450e-02  0.000000e+00
        65    pvqj                  0                  0                 36 -1.923092e-03 -6.442156e-04 -2.950984e-04  1.759199e-01  3.398511e-01 -8.204732e-01 -4.247082e-01  6.657375e-02 -5.907994e-02  0.000000e+00
        66    pvqj                  0                  4                 32 -7.445674e-04 -1.595621e-03 -5.945108e-04  4.247082e-01  8.204732e-01  3.398511e-01  1.759199e-01 -1.469915e-02 -4.518852e-03  0.000000e+00
        67    pvqj                  0                  4                 36  2.124143e-03 -1.041899e-04 -3.745547e-05  8.204732e-01  4.247082e-01 -1.759199e-01 -3.398511e-01  6.422619e-03 -4.029420e-02  0.000000e+00
        68    pvqj                  4                  0                 32  1.469010e-03  7.701876e-04  3.880042e-04  8.204732e-01  4.247082e-01 -1.759199e-01 -3.398511e-01 -4.143152e-02  3.288528e-02  0.000000e+00
        69    pvqj                  4                  0                 36 -6.952845e-04  2.222691e-04  3.425854e-05  4.247082e-01  8.204732e-01  3.398511e-01  1.759199e-01  4.519589e-03  4.976022e-02  0.000000e+00
        70    pvqj                  4                  4                 32 -1.043337e-03 -1.215338e-03 -6.842344e-04  1.759199e-01  3.398511e-01 -8.204732e-01 -4.247082e-01  7.976445e-02 -4.379936e-02  0.000000e+00
        71    pvqj                  4                  4                 36  7.312732e-04 -5.674731e-04 -5.005791e-04  3.398511e-01  1.759199e-01  4.247082e-01  8.204732e-01  1.978614e-02 -5.985368e-02  0.000000e+00
        72    pvqj                  2                  2                 34 -1.336774e-04 -3.905381e-04  1.014308e-03  3.398511e-01  1.759199e-01  4.247082e-01  8.204732e-01  1.225519e-02 -6.046854e-02  0.000000e+00
        73    pvqj                  2                  2                 38  3.478268e-04 -1.001377e-03 -1.305159e-03  4.247082e-01  8.204732e-01  3.398511e-01  1.759199e-01 -1.494272e-02 -5.765340e-02  0.000000e+00
        74    pvqj                  2                  6                 34  2.261289e-04  1.890897e-03 -3.540077e-05  8.204732e-01  4.247082e-01 -1.759199e-01 -3.398511e-01 -2.055361e-02  7.033992e-02  0.000000e+00
        75    pvqj                  2                  6                 38 -1.401987e-03  5.258882e-04  4.033787e-04  1.759199e-01  3.398511e-01 -8.204732e-01 -4.247082e-01 -2.435102e-02  2.991090e-02  0.000000e+00
        76    pvqj                  6                  2                 34  1.757009e-03  1.857460e-03 -5.354855e-04  1.759199e-01  3.398511e-01 -8.204732e-01 -4.247082e-01  1.586930e-02  6.642225e-02  0.000000e+00
        77    pvqj                  6                  2                 38  4.087448e-04  1.705674e-03  2.000928e-04  8.204732e-01  4.247082e-01 -1.759199e-01 -3.398511e-01  1.707579e-02 -1.591067e-03  0.000000e+00
        78    pvqj                  6                  6                 34 -6.009701e-04  3.924500e-05  1.304348e-03  4.247082e-01  8.204732e-01  3.398511e-01  1.759199e-01 -4.328399e-02 -1.225235e-02  0.000000e+00
        79    pvqj                  6                  6                 38 -1.236868e-03 -7.758761e-04  1.977181e-03  3.398511e-01  1.759199e-01  4.247082e-01  8.204732e-01  3.940583e-02 -8.642871e-02  0.000000e+00
        80    pvqj                  0                  0                 40  2.149531e-04  7.779041e-04 -1.461641e-04  3.398511e-01  1.759199e-01  4.247082e-01  8.204732e-01  2.722393e-02  6.000606e-02  0.000000e+00
        81    pvqj                  0                  0                 44 -1.782484e-04  1.686857e-04  1.680089e-03  1.759199e-01  3.398511e-01 -8.204732e-01 -4.247082e-01 -5.985568e-02  4.155029e-02  0.000000e+00
        82    pvqj                  0                  4                 40 -9.575160e-04 -4.157029e-05  1.935809e-04  4.247082e-01  8.204732e-01  3.398511e-01  1.759199e-01 -3.368426e-02  1.940593e-02  0.000000e+00
        83    pvqj                  0                  4                 44 -1.216430e-03  6.545097e-04 -1.454278e-03  8.204732e-01  4.247082e-01 -1.759199e-01 -3.398511e-01  2.009017e-02  3.963514e-02  0.000000e+00
        84    pvqj                  4                  0                 40 -3.013534e-04  2.999970e-04  2.609874e-04  8.204732e-01  4.247082e-01 -1.759199e-01 -3.398511e-01 -2.516299e-02  1.461334e-02  0.000000e+00
        85    pvqj                  4                  0                 44  1.270054e-04  4.733450e-04  2.655055e-05  4.247082e-01  8.204732e-01  3.398511e-01  1.759199e-01 -9.822486e-03 -1.275461e-02  0.000000e+00
        86    pvqj                  4                  4                 40  1.882503e-04 -9.773285e-04 -4.332237e-04  1.759199e-01  3.398511e-01 -8.204732e-01 -4.247082e-01  3.279274e-03 -4.735032e-02  0.000000e+00
        87    pvqj                  4                  4                 44  2.244870e-04  1.447234e-03  1.484614e-03  3.398511e-01  1.759199e-01  4.247082e-01  8.204732e-01  8.606867e-02 -6.861437e-02  0.000000e+00
        88    pvqj                  2                  2                 42 -1.047196e-03 -5.485635e-04 -6.620349e-04  3.398511e-01  1.759199e-01  4.247082e-01  8.204732e-01  4.252787e-02  2.252388e-02  0.000000e+00
        89    pvqj                  2                  2                 46  1.504272e-03 -1.230088e-04 -5.851858e-04  4.247082e-01  8.204732e-01  3.398511e-01  1.759199e-01 -1.182073e-02 -2.180664e-02  0.000000e+00
        90    pvqj                  2                  6                 42 -1.209556e-03  3.112738e-04 -1.721295e-04  8.204732e-01  4.247082e-01 -1.759199e-01 -3.398511e-01 -1.579987e-02  6.001781e-03  0.000000e+00
        91    pvqj                  2                  6                 46 -2.816370e-04 -1.121833e-04 -4.150928e-04  1.759199e-01  3.398511e-01 -8.204732e-01 -4.247082e-01  5.040272e-02 -2.602289e-02  0.000000e+00
        92    pvqj                  6                  2                 42  2.103563e-04  1.833449e-04 -1.183629e-03  1.759199e-01  3.398511e-01 -8.204732e-01 -4.247082e-01 -5.806389e-02  7.379796e-03  0.000000e+00
        93    pvqj                  6                  2                 46  2.295510e-04  1.060297e-03 -1.362878e-03  8.204732e-01  4.247082e-01 -1.759199e-01 -3.398511e-01  4.337402e-02  1.449106e-03  0.000000e+00
        94    pvqj                  6                  6                 42  5.430463e-04  6.253350e-04 -7.317662e-06  4.247082e-01  8.204732e-01  3.398511e-01  1.759199e-01  1.141312e-02 -7.605149e-03  0.000000e+00
        95    pvqj                  6                  6                 46  2.157627e-04  2.737452e-04  5.467171e-04  3.398511e-01  1.759199e-01  4.247082e-01  8.204732e-01 -4.425044e-02  2.416416e-02  0.000000e+00
        96    pvqj                  0                  8                  0  1.690494e-03  1.497801e-03  1.099224e-03  3.398511e-01  1.759199e-01  4.247082e-01  8.204732e-01 -1.714717e-02  3.252636e-02  0.000000e+00
        97    pvqj                  0                  8                  4 -2.361008e-04  7.989403e-04  8.337245e-04  1.759199e-01  3.398511e-01 -8.204732e-01 -4.247082e-01  3.847198e-02  7.174014e-02  0.000000e+00
        98    pvqj                  0                 12                  0 -8.224828e-04  1.700021e-03  4.648498e-04  4.247082e-01  8.204732e-01  3.398511e-01  1.759199e-01  1.012384e-02 -1.098458e-02  0.000000e+00
        99    pvqj                  0                 12                  4  3.356315e-04 -5.996507e-04 -4.111278e-04  8.204732e-01  4.247082e-01 -1.759199e-01 -3.398511e-01  2.287385e-02  1.438740e-02  0.000000e+00
       100    pvqj                  4                  8                  0  5.122729e-04  2.701186e-04  7.343747e-04  8.204732e-01  4.247082e-01 -1.759199e-01 -3.398511e-01  8.038446e-03  2.896660e-02  0.000000e+00
       101    pvqj                  4                  8                  4 -4.788260e-04 -1.722737e-04 -1.962466e-04  4.247082e-01  8.204732e-01  3.398511e-01  1.759199e-01 -5.718249e-02  4.174720e-03  0.000000e+00
       102    pvqj                  4                 12                  0  5.712194e-04 -1.196942e-03 -1.120595e-03  1.759199e-01  3.398511e-01 -8.204732e-01 -4.247082e-01  4.607460e-02 -1.154843e-01  0.000000e+00
       103    pvqj                  4                 12                  4 -7.477643e-04 -1.476115e-03 -1.792044e-03  3.398511e-01  1.759199e-01  4.247082e-01  8.204732e-01 -2.530229e-03 -2.677191e-02  0.000000e+00
       104    pvqj                  2                 10                  2 -1.098467e-03 -1.507990e-03 -1.248271e-04  3.398511e-01  1.759199e-01  4.247082e-01  8.204732e-01 -7.481460e-03  9.669355e-03  0.000000e+00
       105    pvqj                  2                 10                  6 -5.841249e-04  7.175249e-06 -1.503131e-04  4.247082e-01  8.204732e-01  3.398511e-01  1.759199e-01 -1.037665e-02  4.719495e-02  0.000000e+00
       106    pvqj                  2                 14                  2 -2.603855e-04 -5.754250e-04  4.387796e-04  8.204732e-01  4.247082e-01 -1.759199e-01 -3.398511e-01  8.954567e-02  9.980490e-03  0.000000e+00
       107    pvqj                  2                 14                  6  4.897066e-04 -4.208314e-04  1.039456e-03  1.759199e-01  3.398511e-01 -8.204732e-01 -4.247082e-01 -1.488198e-02  5.418785e-02  0.000000e+00
       108    pvqj                  6                 10                  2  5.537537e-04  4.187722e-04  1.365040e-04  1.759199e-01  3.398511e-01 -8.204732e-01 -4.247082e-01  1.605582e-02 -2.434539e-02  0.000000e+00
       109    pvqj                  6                 10                  6  6.852007e-04  4.422591e-04  5.064367e-04  8.204732e-01  4.247082e-01 -1.759199e-01 -3.398511e-01  9.791318e-03 -1.950007e-02  0.000000e+00
       110    pvqj                  6                 14                  2  5.700660e-05 -6.207743e-04 -7.819012e-04  4.247082e-01  8.204732e-01  3.398511e-01  1.759199e-01  6.039046e-02 -4.936133e-02  0.000000e+00
       111    pvqj                  6                 14                  6 -2.561954e-04  8.400433e-04 -1.480721e-05  3.398511e-01  1.759199e-01  4.247082e-01  8.204732e-01  4.173296e-02 -7.405733e-03  0.000000e+00
       112    pvqj                  0                  8                  8 -3.909412e-04 -7.462555e-04  3.852029e-04  3.398511e-01  1.759199e-01  4.247082e-01  8.204732e-01  3.293533e-02 -1.004064e-02  0.000000e+00
       113    pvqj                  0                  8                 12  2.153866e-04  1.034836e-03  1.020360e-03  1.759199e-01  3.398511e-01 -8.204732e-01 -4.247082e-01  3.538014e-02  3.622337e-02  0.000000e+00
       114    pvqj                  0                 12                  8  7.145091e-05  3.245002e-03 -6.900135e-04  4.247082e-01  8.204732e-01  3.398511e-01  1.759199e-01 -1.464851e-02 -2.126801e-02  0.000000e+00
       115    pvqj                  0                 12                 12  1.544111e-03  9.059060e-04  1.932948e-04  8.204732e-01  4.247082e-01 -1.759199e-01 -3.398511e-01 -2.348716e-02 -5.989673e-03  0.000000e+00
       116    pvqj                  4                  8                  8 -4.571482e-04  7.408628e-05  3.629282e-04  8.204732e-01  4.247082e-01 -1.759199e-01 -3.398511e-01  5.205978e-02 -4.158446e-02  0.000000e+00
       117    pvqj                  4                  8                 12 -2.078159e-04 -1.984737e-04 -1.923226e-04  4.247082e-01  8.204732e-01  3.398511e-01  1.759199e-01 -2.838917e-03 -3.884120e-03  0.000000e+00
       118    pvqj                  4                 12                  8 -3.279298e-04 -1.464636e-03 -2.673387e-04  1.759199e-01  3.398511e-01 -8.204732e-01 -4.247082e-01  3.077922e-02  4.648266e-02  0.000000e+00
       119    pvqj                  4                 12                 12  6.216582e-04  1.310178e-03  9.530639e-04  3.398511e-01  1.759199e-01  4.247082e-01  8.204732e-01  8.498533e-02 -3.880123e-02  0.000000e+00
       120    pvqj                  2                 10                 10  1.233976e-04  4.329535e-04 -1.433973e-03  3.398511e-01  1.759199e-01  4.247082e-01  8.204732e-01  3.687021e-02 -4.752990e-02  0.000000e+00
       121    pvqj                  2                 10                 14 -3.458667e-04  8.113600e-04  1.196788e-04  4.247082e-01  8.204732e-01  3.398511e-01  1.759199e-01  1.743633e-02  9.063867e-04  0.000000e+00
       122    pvqj                  2                 14                 10  2.349655e-04 -7.619526e-04 -8.582188e-04  8.204732e-01  4.247082e-01 -1.759199e-01 -3.398511e-01  2.574283e-02  1.276112e-02  0.000000e+00
       123    pvqj                  2                 14                 14 -3.713614e-04 -7.867887e-04 -2.230266e-04  1.759199e-01  3.398511e-01 -8.204732e-01 -4.247082e-01  4.384509e-02  2.717829e-02  0.000000e+00
       124    pvqj                  6                 10                 10  1.990940e-04 -7.560241e-04 -4.051106e-04  1.759199e-01  3.398511e-01 -8.204732e-01 -4.247082e-01  1.952418e-03  2.546923e-02  0.000000e+00
       125    pvqj                  6                 10                 14  5.886200e-04  8.209035e-04 -4.880678e-04  8.204732e-01  4.247082e-01 -1.759199e-01 -3.398511e-01 -8.705868e-02  2.665653e-02  0.000000e+00
       126    pvqj                  6                 14                 10  8.697033e-04 -4.933040e-04  2.621877e-04  4.247082e-01  8.204732e-01  3.398511e-01  1.759199e-01  7.259494e-02  8.125325e-02  0.000000e+00
       127    pvqj                  6                 14                 14 -1.760159e-04  1.056119e-03  6.019291e-04  3.398511e-01  1.759199e-01  4.247082e-01  8.204732e-01  1.719595e-02  5.670771e-04  0.000000e+00
       128    pvqj                  0                  8                 16 -9.368494e-04 -1.599125e-03  8.964643e-04  3.398511e-01  1.759199e-01  4.247082e-01  8.204732e-01 -5.691140e-02 -2.168558e-03  0.000000e+00
       129    pvqj                  0                  8                 20  1.844115e-04  8.147209e-04  1.381951e-04  1.759199e-01  3.398511e-01 -8.204732e-01 -4.247082e-01 -2.988353e-02 -2.394971e-03  0.000000e+00
       130    pvqj                  0                 12                 16  2.093519e-03 -1.255083e-03  3.220949e-04  4.247082e-01  8.204732e-01  3.398511e-01  1.759199e-01 -7.621793e-03 -1.901063e-02  0.000000e+00
       131    pvqj                  0                 12                 20 -6.221521e-04  1.982000e-03 -1.106709e-03  8.204732e-01  4.247082e-01 -1.759199e-01 -3.398511e-01  7.023963e-02  2.669348e-02  0.000000e+00
       132    pvqj                  4                  8                 16  9.979807e-05 -9.122937e-04  1.020659e-03  8.204732e-01  4.247082e-01 -1.759199e-01 -3.398511e-01  2.570819e-02 -1.320641e-01  0.000000e+00
       133    pvqj                  4                  8                 20 -2.077456e-04  3.665541e-04  1.919363e-04  4.247082e-01  8.204732e-01  3.398511e-01  1.759199e-01  1.081804e-01  2.496899e-02  0.000000e+00
       134    pvqj                  4                 12                 16  4.515230e-04 -9.011237e-04  8.932166e-05  1.759199e-01  3.398511e-01 -8.204732e-01 -4.247082e-01 -8.025832e-03  1.420386e-02  0.000000e+00
       135    pvqj                  4                 12                 20 -3.552137e-04  9.772483e-04 -8.174341e-04  3.398511e-01  1.759199e-01  4.247082e-01  8.204732e-01 -3.584132e-02 -2.466192e-02  0.000000e+00
       136    pvqj                  2                 10                 18  1.972048e-03  1.351763e-04 -1.877468e-04  3.398511e-01  1.759199e-01  4.247082e-01  8.204732e-01 -1.272365e-02  8.754629e-04  0.000000e+00
       137    pvqj                  2                 10                 22  3.425543e-04  4.993265e-04  2.619838e-04  4.247082e-01  8.204732e-01  3.398511e-01  1.759199e-01 -4.349460e-02  2.983887e-02  0.000000e+00
       138    pvqj                  2                 14                 18  4.251597e-04 -8.460397e-04  8.145955e-04  8.204732e-01  4.247082e-01 -1.759199e-01 -3.398511e-01  5.175714e-02  8.855758e-02  0.000000e+00
       139    pvqj                  2                 14                 22 -9.820999e-04  6.774383e-05 -1.639026e-04  1.759199e-01  3.398511e-01 -8.204732e-01 -4.247082e-01  7.957218e-02 -2.306562e-02  0.000000e+00
       140    pvqj                  6                 10                 18 -3.726151e-04 -2.215756e-04 -2.266756e-03  1.759199e-01  3.398511e-01 -8.204732e-01 -4.247082e-01 -7.008207e-02  3.065647e-02  0.000000e+00
       141    pvqj                  6                 10                 22 -1.369210e-04 -3.852641e-04 -6.578431e-04  8.204732e-01  4.247082e-01 -1.759199e-01 -3.398511e-01  5.331875e-02  4.076390e-02  0.000000e+00
       142    pvqj                  6                 14                 18 -1.145051e-03 -9.884543e-04 -1.821791e-03  4.247082e-01  8.204732e-01  3.398511e-01  1.759199e-01  7.336687e-02  2.874723e-02  0.000000e+00
       143    pvqj                  6                 14                 22  8.921364e-04  9.479894e-04 -1.696426e-03  3.398511e-01  1.759199e-01  4.247082e-01  8.204732e-01 -3.177949e-02 -9.005028e-02  0.000000e+00
       144    pvqj                  0                  8                 24  8.666917e-05 -2.660768e-04 -7.715389e-04  3.398511e-01  1.759199e-01  4.247082e-01  8.204732e-01 -7.093274e-02 -8.660697e-03  0.000000e+00
       145    pvqj                  0                  8                 28  1.239693e-04 -1.136946e-03  8.386134e-05  1.759199e-01  3.398511e-01 -8.204732e-01 -4.247082e-01 -1.794852e-02  3.379317e-02  0.000000e+00
       146    pvqj                  0                 12                 24 -1.361289e-03  1.274875e-03 -1.628552e-03  4.247082e-01  8.204732e-01  3.398511e-01  1.759199e-01  1.539124e-02  9.135762e-02  0.000000e+00
       147    pvqj                  0                 12                 28  1.545619e-03  4.817326e-04 -8.409010e-04  8.204732e-01  4.247082e-01 -1.759199e-01 -3.398511e-01  6.365282e-02  4.778155e-02  0.000000e+00
       148    pvqj                  4                  8                 24  2.025206e-03 -8.592331e-04  4.650329e-04  8.204732e-01  4.247082e-01 -1.759199e-01 -3.398511e-01 -2.438880e-02 -1.299160e-02  0.000000e+00
       149    pvqj                  4                  8                 28 -1.467256e-03  5.687974e-04  5.036048e-04  4.247082e-01  8.204732e-01  3.398511e-01  1.759199e-01 -4.647868e-02 -4.979908e-02  0.000000e+00
       150    pvqj                  4                 12                 24  1.615650e-04 -1.436332e-03 -3.094426e-04  1.759199e-01  3.398511e-01 -8.204732e-01 -4.247082e-01 -3.194428e-02  3.274084e-02  0.000000e+00
       151    pvqj                  4                 12                 28  6.703657e-04  6.374883e-04  3.637058e-04  3.398511e-01  1.759199e-01  4.247082e-01  8.204732e-01 -1.251153e-02 -6.869808e-02  0.000000e+00
       152    pvqj                  2                 10                 26 -7.410285e-04 -2.334006e-04  6.660000e-04  3.398511e-01  1.759199e-01  4.247082e-01  8.204732e-01  9.052986e-03 -3.447257e-02  0.000000e+00
       153    pvqj                  2                 10                 30 -6.641373e-05  5.353508e-04  5.649606e-04  4.247082e-01  8.204732e-01  3.398511e-01  1.759199e-01 -2.492027e-02 -1.312513e-02  0.000000e+00
       154    pvqj                  2                 14                 26  9.842466e-04  3.523312e-05  1.792777e-03  8.204732e-01  4.247082e-01 -1.759199e-01 -3.398511e-01 -3.278046e-02  2.108625e-02  0.000000e+00
       155    pvqj                  2                 14                 30 -3.541967e-05  1.297290e-04  5.061652e-06  1.759199e-01  3.398511e-01 -8.204732e-01 -4.247082e-01  2.333803e-02 -3.044321e-02  0.000000e+00
       156    pvqj                  6                 10                 26  9.508781e-04 -1.495666e-03 -1.339682e-03  1.759199e-01  3.398511e-01 -8.204732e-01 -4.247082e-01  2.920158e-02 -9.983700e-03  0.000000e+00
       157    pvqj                  6                 10                 30  2.744496e-05  1.815246e-04 -1.015804e-03  8.204732e-01  4.247082e-01 -1.759199e-01 -3.398511e-01  3.977478e-02 -5.037632e-03  0.000000e+00
       158    pvqj                  6                 14                 26  9.596732e-04  2.230739e-04  2.104913e-04  4.247082e-01  8.204732e-01  3.398511e-01  1.759199e-01  1.126773e-02  2.607510e-02  0.000000e+00
       159    pvqj                  6                 14                 30 -1.975236e-05  3.135494e-04  3.507576e-04  3.398511e-01  1.759199e-01  4.247082e-01  8.204732e-01  6.172159e-02  1.954864e-02  0.000000e+00
       160    pvqj                  0                  8                 32  1.841764e-03  4.423755e-04 -6.022920e-04  3.398511e-01  1.759199e-01  4.247082e-01  8.204732e-01 -4.318284e-02  3.656529e-02  0.000000e+00
       161    pvqj                  0                  8                 36  5.824801e-04 -1.537755e-03 -6.885811e-04  1.759199e-01  3.398511e-01 -8.204732e-01 -4.247082e-01  4.136798e-02 -9.224924e-03  0.000000e+00
       162    pvqj                  0                 12                 32  5.658718e-04 -1.018527e-03  1.239176e-03  4.247082e-01  8.204732e-01  3.398511e-01  1.759199e-01  9.569921e-03 -4.540305e-04  0.000000e+00
       163    pvqj                  0                 12                 36  8.268441e-05 -8.185604e-05 -9.361518e-04  8.204732e-01  4.247082e-01 -1.759199e-01 -3.398511e-01  7.809447e-02 -3.198558e-02  0.000000e+00
       164    pvqj                  4                  8                 32 -3.964171e-04  1.644686e-03 -1.443119e-03  8.204732e-01  4.247082e-01 -1.759199e-01 -3.398511e-01 -3.890463e-02  3.576854e-02  0.000000e+00
       165    pvqj                  4                  8                 36  9.519056e-04 -6.176726e-04  1.040164e-03  4.247082e-01  8.204732e-01  3.398511e-01  1.759199e-01  1.524256e-02  1.087386e-02  0.000000e+00
       166    pvqj                  4                 12                 32 -4.301513e-04  5.811147e-04 -1.723950e-03  1.759199e-01  3.398511e-01 -8.204732e-01 -4.247082e-01  1.294148e-04  1.980479e-02  0.000000e+00
       167    pvqj                  4                 12                 36 -1.667031e-04  1.524299e-03 -8.811370e-04  3.398511e-01  1.759199e-01  4.247082e-01  8.204732e-01  5.872379e-02 -2.810822e-02  0.000000e+00
       168    pvqj                  2                 10                 34  8.870024e-04  6.528208e-04 -3.891540e-04  3.398511e-01  1.759199e-01  4.247082e-01  8.204732e-01 -1.557819e-02 -4.463086e-02  0.000000e+00
       169    pvqj                  2                 10                 38  4.716946e-04  7.806153e-04  8.686979e-05  4.247082e-01  8.204732e-01  3.398511e-01  1.759199e-01  3.978636e-02  2.620596e-02  0.000000e+00
       170    pvqj                  2                 14                 34  1.066096e-03 -1.252454e-03 -1.202382e-03  8.204732e-01  4.247082e-01 -1.759199e-01 -3.398511e-01 -9.320752e-02  7.257839e-02  0.000000e+00
       171    pvqj                  2                 14                 38 -1.760881e-03 -1.082514e-03 -2.808572e-04  1.759199e-01  3.398511e-01 -8.204732e-01 -4.247082e-01  8.405133e-02  1.078681e-02  0.000000e+00
       172    pvqj                  6                 10                 34  8.783570e-04 -1.088646e-03  7.872792e-05  1.759199e-01  3.398511e-01 -8.204732e-01 -4.247082e-01 -2.544118e-02 -4.093983e-02  0.000000e+00
       173    pvqj                  6                 10                 38  1.068057e-03 -4.960385e-04  4.395739e-04  8.204732e-01  4.247082e-01 -1.759199e-01 -3.398511e-01  5.006373e-02  3.098189e-03  0.000000e+00
       174    pvqj                  6                 14                 34  1.803722e-04 -2.881243e-04  1.478286e-04  4.247082e-01  8.204732e-01  3.398511e-01  1.759199e-01  1.381235e-02 -2.950011e-02  0.000000e+00
       175    pvqj                  6                 14                 38 -1.746906e-03 -1.202517e-03  3.997403e-04  3.398511e-01  1.759199e-01  4.247082e-01  8.204732e-01  3.681337e-02  1.875495e-03  0.000000e+00
       176    pvqj                  0                  8                 40 -7.586291e-04 -5.934737e-04 -8.500236e-04  3.398511e-01  1.759199e-01  4.247082e-01  8.204732e-01  3.070485e-03  5.575559e-02  0.000000e+00
       177    pvqj                  0                  8                 44 -1.014375e-03 -1.624006e-03 -8.325856e-04  1.759199e-01  3.398511e-01 -8.204732e-01 -4.247082e-01  8.915636e-02 -1.874514e-02  0.000000e+00
       178    pvqj                  0                 12                 40 -1.747798e-03 -1.270801e-03 -8.194709e-05  4.247082e-01  8.204732e-01  3.398511e-01  1.759199e-01 -4.491269e-02  1.327356e-02  0.000000e+00
       179    pvqj                  0                 12                 44  1.100781e-03 -1.436353e-04 -4.810369e-04  8.204732e-01  4.247082e-01 -1.759199e-01 -3.398511e-01 -4.219943e-02  6.547552e-03  0.000000e+00
